id
245769955
52277277
263655215
200800257
262693032
116106095
174932071
202719601
12671823
251772917
203992328
59478772
144199447
206781402
246856195
249662613
217528573
206244672
205685551
31908911
179142419
208062183
205886057
204065053
221225764
199607003
111521985
196175015
106242035
263573516
87851737
200935495
162197629
200799084
247238593
116813643
228988486
187946670
136891407
215129445
200795801
207709582
210757803
161894761
252757905
257787201
210758473
242841242
45244396
248495488
178297848
204049817
205280846
130773904
242717741
263573803
205685450
127531945
143406068
258610145
114894597
109976728
215738858
242102470
26162099
104792902
200798618
230004864
251590836
263573593
204065506
251536998
215129534
254896809
114877982
49250760
212211917
162973658
262779574
246856779
198817566
177813776
107219238
215129477
167478124
113709632
107975641
162966789
251573204
253111307
144631305
144763130
258668703
87554029
204650196
251772966
54383608
262673273
204658871
114876967
192754653
146232045
52649533
63507919
245784317
108324598
202784158
207268453
71011303
173281156
263573576
88096885
260640691
203961125
254896794
209907945
214595306
163569558
206553412
209909083
52659820
171104261
167477366
254897050
186909064
261961817
215129353
150857989
206134891
53836822
178041869
115196180
262845989
52649555
166412645
10297936
144045034
7253439
262483955
203960862
104908913
63582317
246853057
247275270
248540527
109281355
155199093
87551805
204065101
91129745
176150593
207271258
113709695
114572449
24243874
253186947
242075879
167473816
203992243
215881061
63598759
262846190
212252157
200528988
251267032
209165158
114572377
195940874
186552167
253073394
239142056
207997494
154530131
247449409
13763748
138771951
252720992
209165145
251536679
249947528
197379419
215129351
115667335
108102585
215129437
34725666
147873300
175150267
251536700
261978931
200800397
210276664
204437685
243084989
204411091
74532664
204430928
208120165
262839280
177703256
215129611
54393665
247788646
87560124
229764828
210279841
129714951
206470218
206553432
209908633
217524778
167483500
108055389
262830165
215886021
17928527
203960855
242391973
203960672
248777924
200550020
215129265
207831478
225210603
192259825
192761524
69090355
221239902
248916220
253620976
203960916
215129295
251536925
189235633
247437307
139196211
251537022
140331433
254896904
92744455
254871744
175150254
177703412
41293717
206987459
205810478
198364422
263047165
137676921
127113936
136699272
251265281
253184152
185235526
204065025
137675321
251536661
10102128
203961052
178111489
111712435
193647601
252211869
212479704
205298840
87558397
260805654
257925319
80665479
263573581
127097023
215129375
248619617
199144679
261979067
205829661
203960914
197329296
248495222
176508941
206673684
203960697
215129650
199684298
225314670
207876075
190824033
209377538
204064371
206147376
107278644
246960313
260807322
249601697
178042421
192784272
261988228
245773668
261995759
220741858
91945133
202799211
249657398
251773322
206987830
206553272
127114141
263573693
255349730
102797694
212479746
165015382
173237581
263099604
252357193
146250691
206553980
249601277
215129524
217763386
215723322
137676419
209165308
262227178
93764811
225249714
54393657
251267048
210279892
52112865
137676504
178042439
242712795
36767996
261978937
193155919
54442572
263573701
247922159
137676509
262846146
54683588
246162959
178745135
203960840
137676203
210278015
226562217
262235674
205286057
201610378
87553574
76359080
204658727
228930728
42496586
261815158
54583105
251265401
10686361
162976249
11119985
259514222
248496424
180576324
242504261
242424871
113709643
41321260
83910574
244306095
261839476
203999042
251751008
100319951
249591076
215129246
252882714
254896890
200539150
205829904
200551129
248858613
248353725
212251981
13940547
249602001
54393642
202784240
212479743
204064746
206781406
205829900
38495219
206713368
138989666
247788323
54442554
249657975
242859748
137675541
164972793
208748025
183034117
201121651
245889367
212251398
248494657
205081143
140987470
205690661
225210590
193767656
248884068
207281745
68139092
254181075
262845891
149688054
200798555
87851730
261978932
254896992
198079078
16197757
127537280
183491790
180592620
115677940
199108529
206553308
263403811
46732905
177703021
45463834
2069457
212251743
253116073
75769663
166233431
217332235
203960845
215129303
203958134
254871792
53840242
129416808
206554060
199638230
197729017
168404037
107195032
12354438
144046174
214798971
57522629
251590785
243245471
212251999
174113468
254871760
102638291
203998899
192970180
143468129
210278948
254896847
198289547
262839195
205285722
164536069
14083682
251265507
249602668
137675537
209908200
203704047
150247761
204064868
35227126
206984985
54393674
210279196
248644380
91950879
242717078
153770931
261978851
261978845
207067802
242200678
262818198
173380362
212211925
210276967
206553302
200546939
200548604
70880515
247247956
253146662
57763788
247788420
262524753
87557001
180585865
210279490
178042482
210280121
248783003
205793001
206553948
246432064
130422290
207749486
163570619
239178180
261979037
215162868
260807619
203960707
195745514
203961147
36740931
87564818
36023947
162087391
203999080
2386945
240474641
129172465
215129516
154532108
180585063
19562427
210132074
52659824
248746103
87556401
200800067
248865886
229805444
176488082
207990670
251265358
254896486
246851142
87851659
172069313
196800922
97708090
204064542
178041627
230201510
177703395
207289508
20150585
254896507
87555783
192786153
260810317
215129560
206147748
242200601
208748014
252177965
242999577
215129627
228989781
251265307
205529304
251267028
247788699
205113157
204064447
155778757
192757872
203961026
178042430
206488185
203731026
205889379
164552469
215129629
215129617
205116826
199684319
52649547
203730972
2152895
243082353
198074821
111158140
207397535
35723368
261979084
82921009
143144978
52649551
263403786
113709617
167477772
205829906
262787502
206147399
251265412
214234034
207749479
93830430
242881295
251921456
16753510
262811657
205666051
251770063
104794757
246852873
73544502
205115266
177703356
262646337
63600586
208613149
263625495
166209502
242882260
246856167
154532215
121106476
251536737
55886475
52484184
248494132
124275744
246136752
31909260
254896526
227326580
70806893
247238807
23383685
203703280
87548184
83788044
225209672
87549360
21284912
53492237
222655805
245900784
14348102
204450798
251536923
249610710
163570657
177703463
242716498
114572403
137675299
200797882
35865497
6528635
187598558
137676428
208071217
243223165
163569552
248496686
213921058
251262923
91937597
261979157
87771852
251265476
253193479
127528127
52649564
12316293
262780647
153530111
262198965
263294035
143468298
87553797
107077858
14054194
113887120
261978823
252279274
177703093
251536707
251262713
261979001
77879001
199144320
197856522
203960975
251265261
252887336
200798631
262533668
147873788
163570579
36188812
243084656
108358268
251102827
202788159
202786108
221692672
36995833
207255107
173238278
87558163
261978801
212251749
10170131
202957538
87552652
87550859
215878052
163570467
204064916
261900461
23569151
120431463
91938807
83665733
253614654
202012916
161874320
150252282
222399232
245218785
178606776
130425293
202784196
202785989
204044482
206553450
144230422
40184664
225915740
204437406
263099547
229770132
251265309
202787474
207256868
205422991
163570578
210279181
203960952
215887031
153612232
87548845
109017703
110360088
74421745
154532335
116106183
228987720
166208944
190826135
252356056
190703156
206836167
95296908
215129541
54442551
208760933
77718785
37961414
83930047
80021389
44778879
250118468
251265337
261072979
202788110
54368341
184698105
94674261
12107818
263573578
162163898
215129548
200798638
204437759
150857577
128660837
204064755
206553261
210278452
33564005
213969881
130423003
204064369
262482056
91932472
262749764
114572652
204064409
190702979
161869519
203999095
246850985
178042194
219369225
149655340
191123281
87563213
198414835
190367084
215129302
203960964
250100139
202715453
206553941
87552969
164968086
200799409
87555421
149128429
253664020
195548070
263573515
91403505
177703218
167481417
107405220
38208053
46655824
203960841
246856721
206987457
54745696
207299029
202784229
249017750
263110063
254124238
197730935
261900853
203961169
189420388
215129592
254896832
242703693
164965404
134389899
39951047
34723602
35723131
94306870
203703583
203960851
204064908
250086235
246209066
202724634
249600827
53837553
263100423
242502865
253041020
251265271
243017139
214757478
129010866
83743179
36869362
246770166
230005869
179142316
87547798
173276282
185851073
215129358
247249283
262787489
204411099
261979052
210761027
262082309
198465853
212479761
35251478
150946988
116470301
237819237
144198306
205691354
202784251
197856197
200797942
190703501
203998915
104791896
262346337
205692600
243300456
203200763
204065056
248113986
139222915
204064320
207299276
144197460
137676513
214841295
53838886
215129312
87851756
208122526
53839583
250099921
178088896
204429541
204064846
87550755
204064488
206554056
116470590
214760217
12023133
248215260
45832109
209907468
178042489
63595377
212260370
213969882
205278683
186676376
203992149
251265414
74443873
202798804
210278471
209378834
25293276
205691936
31855083
248154660
205977423
216935800
215129393
259485900
196469884
248492481
92743919
249093147
172067531
139033619
206914169
206553965
251265341
87557157
247288733
13635619
201610324
71092007
250010817
262838603
190695872
203992378
262706662
135370586
248638676
253350227
210959895
254896768
245787203
126158085
33065672
261900631
262673016
150947006
262301764
251536952
218750573
9969307
87549039
229805345
207285065
250099753
222399161
253766925
247950409
251265495
261798479
207194970
206781415
248494625
206246426
53839813
263087695
225263759
210280335
74571640
244690356
205673512
262835627
248491779
215129479
204411026
262213883
205297523
248493276
251265500
84549047
167475454
207341537
54383631
178041921
63548262
89698759
250117849
53837414
181940296
263401984
244167141
121331576
190702768
164968515
202784141
205892589
247666472
263573936
249601462
11078812
251550541
114572662
229747995
129727779
162217485
253614911
261979142
91940010
246755238
200799123
38467919
163570490
137675369
177703051
204437733
242866154
215129440
206473684
260797947
203982877
203730958
221255334
41343279
197366896
215129641
195238171
